Gates 10
Flights 50
#00: 08:55 10:05 1 2 4 5 6 7 8 9 
#01: 09:25 10:30 1 2 4 5 6 7 8 9 
#02: 09:35 10:35 1 2 4 5 6 7 8 9 
#03: 09:45 11:55 1 2 4 5 6 7 8 9 
#04: 09:50 10:55 1 2 4 5 6 7 8 9 
#05: 09:50 11:05 0 1 2 3 4 5 6 7 
#06: 09:55 10:55 1 2 4 5 6 7 8 9 
#07: 10:00 11:35 1 2 4 5 6 7 8 9 
#08: 10:00 10:55 2 3 4 5 6 7 8 9 
#09: 10:15 11:25 1 2 4 5 6 7 8 9 
#10: 10:30 12:25 0 1 2 4 5 6 7 8 9 
#11: 10:50 12:05 1 2 4 5 6 7 8 9 
#12: 11:00 11:45 0 1 2 3 4 5 6 7 
#13: 11:10 12:35 0 1 2 4 5 6 7 8 9 
#14: 11:15 12:20 1 2 4 5 6 7 8 9 
#15: 11:15 12:20 1 2 4 5 6 7 8 9 
#16: 11:20 12:25 1 2 4 5 6 7 8 9 
#17: 11:45 13:00 0 1 2 4 5 6 7 8 9 
#18: 11:45 13:05 0 1 2 4 5 6 7 8 9 
#19: 12:05 13:20 1 2 4 5 6 7 8 9 
#20: 12:30 14:10 0 1 2 3 4 5 6 7 
#21: 12:35 13:10 0 1 2 4 5 6 7 8 9 
#22: 12:50 13:50 1 2 4 5 6 7 8 9 
#23: 12:50 13:40 0 1 2 4 5 6 7 8 9 
#24: 12:55 14:35 0 1 2 4 5 6 7 8 9 
#25: 12:55 13:55 0 1 2 4 5 6 7 8 9 
#26: 13:00 14:05 1 2 4 5 6 7 8 9 
#27: 13:10 14:15 0 1 2 4 5 6 7 8 9 
#28: 13:15 14:25 0 1 2 4 5 6 7 8 9 
#29: 13:40 14:30 1 2 4 5 6 7 8 9 
#30: 13:45 14:25 1 2 4 5 6 7 8 9 
#31: 13:45 15:35 1 2 4 5 6 7 8 9 
#32: 14:05 15:05 2 3 4 5 6 7 8 9 
#33: 14:10 15:55 1 2 4 5 6 7 8 9 
#34: 14:10 15:20 2 3 4 5 6 7 8 9 
#35: 14:20 15:35 1 2 4 5 6 7 8 9 
#36: 14:20 15:25 1 2 4 5 6 7 8 9 
#37: 14:40 15:50 0 1 2 4 5 6 7 8 9 
#38: 14:40 16:05 1 2 4 5 6 7 8 9 
#39: 14:50 16:20 1 2 4 5 6 7 8 9 
#40: 15:40 16:40 0 1 2 4 5 6 7 8 9 
#41: 15:45 16:45 0 1 2 4 5 6 7 8 9 
#42: 15:50 16:50 1 2 4 5 6 7 8 9 
#43: 15:55 16:55 1 2 4 5 6 7 8 9 
#44: 15:55 17:20 1 2 4 5 6 7 8 9 
#45: 16:00 17:05 0 1 2 4 5 6 7 8 9 
#46: 16:05 17:10 0 1 2 3 4 5 6 7 
#47: 16:10 17:15 1 2 4 5 6 7 8 9 
#48: 16:25 17:35 0 1 2 4 5 6 7 8 9 
#49: 16:25 17:30 0 1 2 4 5 6 7 8 9 
