Gates 10
Flights 48
#00: 08:55 10:05 1 2 4 5 6 7 8 9 
#01: 09:25 10:30 1 2 4 5 6 7 8 9 
#02: 09:30 10:50 0 1 2 4 5 6 7 8 9 
#03: 09:40 10:40 0 1 2 3 4 5 6 7 
#04: 09:40 10:55 1 2 4 5 6 7 8 9 
#05: 09:45 11:55 1 2 4 5 6 7 8 9 
#06: 09:50 11:05 0 1 2 3 4 5 6 7 
#07: 09:50 10:55 1 2 4 5 6 7 8 9 
#08: 09:55 11:10 0 1 2 4 5 6 7 8 9 
#09: 10:15 11:25 1 2 4 5 6 7 8 9 
#10: 10:50 12:40 1 2 4 5 6 7 8 9 
#11: 11:00 11:45 0 1 2 3 4 5 6 7 
#12: 11:10 12:35 0 1 2 4 5 6 7 8 9 
#13: 11:15 12:20 1 2 4 5 6 7 8 9 
#14: 11:20 13:55 1 2 4 5 6 7 8 9 
#15: 11:20 12:25 1 2 4 5 6 7 8 9 
#16: 11:25 13:05 1 2 4 5 6 7 8 9 
#17: 11:35 12:50 0 1 2 4 5 6 7 8 9 
#18: 11:45 12:55 1 2 4 5 6 7 8 9 
#19: 11:55 13:30 3 
#20: 12:10 13:20 0 1 2 3 4 5 6 7 
#21: 12:25 13:35 1 2 4 5 6 7 8 9 
#22: 12:25 13:35 1 2 4 5 6 7 8 9 
#23: 12:50 13:40 0 1 2 4 5 6 7 8 9 
#24: 12:50 13:55 0 1 2 4 5 6 7 8 9 
#25: 12:55 14:35 0 1 2 4 5 6 7 8 9 
#26: 13:00 14:05 1 2 4 5 6 7 8 9 
#27: 13:10 14:15 0 1 2 4 5 6 7 8 9 
#28: 13:40 14:30 1 2 4 5 6 7 8 9 
#29: 13:45 14:25 1 2 4 5 6 7 8 9 
#30: 13:55 18:00 1 2 4 5 6 7 8 9 
#31: 14:05 15:05 2 3 4 5 6 7 8 9 
#32: 14:10 15:55 1 2 4 5 6 7 8 9 
#33: 14:20 15:25 1 2 4 5 6 7 8 9 
#34: 14:20 15:35 1 2 4 5 6 7 8 9 
#35: 14:40 16:05 1 2 4 5 6 7 8 9 
#36: 14:50 16:05 0 1 2 4 5 6 7 8 9 
#37: 14:55 16:10 0 1 2 4 5 6 7 8 9 
#38: 15:15 16:30 3 
#39: 15:30 16:45 1 2 4 5 6 7 8 9 
#40: 15:45 16:45 0 1 2 4 5 6 7 8 9 
#41: 15:50 16:50 1 2 4 5 6 7 8 9 
#42: 16:00 17:05 0 1 2 4 5 6 7 8 9 
#43: 16:05 17:10 0 1 2 3 4 5 6 7 
#44: 16:25 17:35 0 1 2 4 5 6 7 8 9 
#45: 16:25 17:30 0 1 2 4 5 6 7 8 9 
#46: 16:25 17:25 0 1 2 3 4 5 6 7 
#47: 16:55 17:55 0 1 2 4 5 6 7 8 9 
