Gates 25
Flights 56
m00: 08:20 09:45 0 1 2 3 4 5 6 7 8 9 10 11 12 13 14 
b01: 08:45 10:10 0 1 2 3 4 5 6 7 8 9 
s02: 09:05 10:15 0 1 2 3 4 5 6 7 8 9 10 11 12 13 14 15 16 17 18 19 20 21 22 23 24 
b03: 09:25 11:35 0 1 2 3 4 5 6 7 8 9 
s04: 09:30 10:45 0 1 2 3 4 5 6 7 8 9 10 11 12 13 14 15 16 17 18 19 20 21 22 23 24 
m05: 09:45 11:05 0 1 2 3 4 5 6 7 8 9 10 11 12 13 14 
b06: 09:50 10:55 0 1 2 3 4 5 6 7 8 9 
m07: 10:00 11:15 0 1 2 3 4 5 6 7 8 9 10 11 12 13 14 
m08: 10:05 11:00 0 1 2 3 4 5 6 7 8 9 10 11 12 13 14 
s09: 10:15 11:25 0 1 2 3 4 5 6 7 8 9 10 11 12 13 14 15 16 17 18 19 20 21 22 23 24 
b10: 10:30 12:25 0 1 2 3 4 5 6 7 8 9 
s11: 10:50 12:05 0 1 2 3 4 5 6 7 8 9 10 11 12 13 14 15 16 17 18 19 20 21 22 23 24 
s12: 11:00 11:45 0 1 2 3 4 5 6 7 8 9 10 11 12 13 14 15 16 17 18 19 20 21 22 23 24 
m13: 11:05 12:35 0 1 2 3 4 5 6 7 8 9 10 11 12 13 14 
s14: 11:10 12:20 0 1 2 3 4 5 6 7 8 9 10 11 12 13 14 15 16 17 18 19 20 21 22 23 24 
s15: 11:15 12:20 0 1 2 3 4 5 6 7 8 9 10 11 12 13 14 15 16 17 18 19 20 21 22 23 24 
m16: 11:20 12:25 0 1 2 3 4 5 6 7 8 9 10 11 12 13 14 
s17: 11:45 13:00 0 1 2 3 4 5 6 7 8 9 10 11 12 13 14 15 16 17 18 19 20 21 22 23 24 
b18: 11:45 13:05 0 1 2 3 4 5 6 7 8 9 
m19: 12:05 13:20 0 1 2 3 4 5 6 7 8 9 10 11 12 13 14 
s20: 12:20 14:00 0 1 2 3 4 5 6 7 8 9 10 11 12 13 14 15 16 17 18 19 20 21 22 23 24 
b21: 12:35 13:10 0 1 2 3 4 5 6 7 8 9 
s22: 12:45 13:50 0 1 2 3 4 5 6 7 8 9 10 11 12 13 14 15 16 17 18 19 20 21 22 23 24 
m23: 12:50 13:45 0 1 2 3 4 5 6 7 8 9 10 11 12 13 14 
s24: 12:55 14:35 0 1 2 3 4 5 6 7 8 9 10 11 12 13 14 15 16 17 18 19 20 21 22 23 24 
b25: 12:55 13:55 0 1 2 3 4 5 6 7 8 9 
s26: 13:00 14:05 0 1 2 3 4 5 6 7 8 9 10 11 12 13 14 15 16 17 18 19 20 21 22 23 24 
s27: 13:10 14:15 0 1 2 3 4 5 6 7 8 9 10 11 12 13 14 15 16 17 18 19 20 21 22 23 24 
s28: 13:20 14:35 0 1 2 3 4 5 6 7 8 9 10 11 12 13 14 15 16 17 18 19 20 21 22 23 24 
m29: 13:40 14:30 0 1 2 3 4 5 6 7 8 9 10 11 12 13 14 
s30: 13:45 14:25 0 1 2 3 4 5 6 7 8 9 10 11 12 13 14 15 16 17 18 19 20 21 22 23 24 
b31: 13:45 15:35 0 1 2 3 4 5 6 7 8 9 
s32: 14:05 15:05 0 1 2 3 4 5 6 7 8 9 10 11 12 13 14 15 16 17 18 19 20 21 22 23 24 
s33: 14:10 15:55 0 1 2 3 4 5 6 7 8 9 10 11 12 13 14 15 16 17 18 19 20 21 22 23 24 
s34: 14:15 15:30 0 1 2 3 4 5 6 7 8 9 10 11 12 13 14 15 16 17 18 19 20 21 22 23 24 
m35: 14:20 15:35 0 1 2 3 4 5 6 7 8 9 10 11 12 13 14 
s36: 14:30 15:40 0 1 2 3 4 5 6 7 8 9 10 11 12 13 14 15 16 17 18 19 20 21 22 23 24 
m37: 14:40 15:50 0 1 2 3 4 5 6 7 8 9 10 11 12 13 14 
b38: 14:50 16:15 0 1 2 3 4 5 6 7 8 9 
s39: 15:05 16:40 0 1 2 3 4 5 6 7 8 9 10 11 12 13 14 15 16 17 18 19 20 21 22 23 24 
s40: 15:40 17:00 0 1 2 3 4 5 6 7 8 9 10 11 12 13 14 15 16 17 18 19 20 21 22 23 24 
m41: 15:45 16:45 0 1 2 3 4 5 6 7 8 9 10 11 12 13 14 
m42: 15:50 16:50 0 1 2 3 4 5 6 7 8 9 10 11 12 13 14 
s43: 15:55 16:55 0 1 2 3 4 5 6 7 8 9 10 11 12 13 14 15 16 17 18 19 20 21 22 23 24 
b44: 16:10 17:30 0 1 2 3 4 5 6 7 8 9 
s45: 16:15 17:25 0 1 2 3 4 5 6 7 8 9 10 11 12 13 14 15 16 17 18 19 20 21 22 23 24 
m46: 16:30 17:30 0 1 2 3 4 5 6 7 8 9 10 11 12 13 14 
s47: 16:35 17:50 0 1 2 3 4 5 6 7 8 9 10 11 12 13 14 15 16 17 18 19 20 21 22 23 24 
s48: 16:50 18:05 0 1 2 3 4 5 6 7 8 9 10 11 12 13 14 15 16 17 18 19 20 21 22 23 24 
m49: 16:55 17:55 0 1 2 3 4 5 6 7 8 9 10 11 12 13 14 
m50: 17:05 18:20 0 1 2 3 4 5 6 7 8 9 10 11 12 13 14 
b51: 17:15 18:15 0 1 2 3 4 5 6 7 8 9 
s52: 17:20 18:35 0 1 2 3 4 5 6 7 8 9 10 11 12 13 14 15 16 17 18 19 20 21 22 23 24 
s53: 17:35 19:15 0 1 2 3 4 5 6 7 8 9 10 11 12 13 14 15 16 17 18 19 20 21 22 23 24 
m54: 17:55 18:55 0 1 2 3 4 5 6 7 8 9 10 11 12 13 14 
s55: 17:55 19:45 0 1 2 3 4 5 6 7 8 9 10 11 12 13 14 15 16 17 18 19 20 21 22 23 24 
