Gates 25
Flights 60
#00: 08:20 09:45 0 1 2 3 4 5 6 7 8 9 10 11 12 13 14 
#01: 08:45 10:10 0 1 2 3 4 5 6 7 8 9 
#02: 09:05 10:15 0 1 2 3 4 5 6 7 8 9 10 11 12 13 14 15 16 17 18 19 20 21 22 23 24 
#03: 09:25 11:35 0 1 2 3 4 5 6 7 8 9 
#04: 09:30 10:45 0 1 2 3 4 5 6 7 8 9 10 11 12 13 14 15 16 17 18 19 20 21 22 23 24 
#05: 09:45 11:05 0 1 2 3 4 5 6 7 8 9 10 11 12 13 14 
#06: 09:50 10:55 0 1 2 3 4 5 6 7 8 9 
#07: 10:00 11:15 0 1 2 3 4 5 6 7 8 9 10 11 12 13 14 
#08: 10:05 11:00 0 1 2 3 4 5 6 7 8 9 10 11 12 13 14 
#09: 10:15 11:25 0 1 2 3 4 5 6 7 8 9 10 11 12 13 14 15 16 17 18 19 20 21 22 23 24 
#10: 10:30 12:25 0 1 2 3 4 5 6 7 8 9 
#11: 10:50 12:05 0 1 2 3 4 5 6 7 8 9 10 11 12 13 14 15 16 17 18 19 20 21 22 23 24 
#12: 11:00 11:45 0 1 2 3 4 5 6 7 8 9 10 11 12 13 14 15 16 17 18 19 20 21 22 23 24 
#13: 11:05 12:35 0 1 2 3 4 5 6 7 8 9 10 11 12 13 14 
#14: 11:10 12:20 0 1 2 3 4 5 6 7 8 9 10 11 12 13 14 15 16 17 18 19 20 21 22 23 24 
#15: 11:15 12:20 0 1 2 3 4 5 6 7 8 9 10 11 12 13 14 15 16 17 18 19 20 21 22 23 24 
#16: 11:20 12:25 0 1 2 3 4 5 6 7 8 9 10 11 12 13 14 
#17: 11:45 13:00 0 1 2 3 4 5 6 7 8 9 10 11 12 13 14 15 16 17 18 19 20 21 22 23 24 
#18: 11:45 13:05 0 1 2 3 4 5 6 7 8 9 
#19: 12:05 13:20 0 1 2 3 4 5 6 7 8 9 10 11 12 13 14 
#20: 12:20 14:00 0 1 2 3 4 5 6 7 8 9 10 11 12 13 14 15 16 17 18 19 20 21 22 23 24 
#21: 12:35 13:10 0 1 2 3 4 5 6 7 8 9 
#22: 12:45 13:50 0 1 2 3 4 5 6 7 8 9 10 11 12 13 14 15 16 17 18 19 20 21 22 23 24 
#23: 12:50 13:45 0 1 2 3 4 5 6 7 8 9 10 11 12 13 14 
#24: 12:55 14:35 0 1 2 3 4 5 6 7 8 9 10 11 12 13 14 15 16 17 18 19 20 21 22 23 24 
#25: 12:55 13:55 0 1 2 3 4 5 6 7 8 9 
#26: 13:00 14:05 0 1 2 3 4 5 6 7 8 9 10 11 12 13 14 15 16 17 18 19 20 21 22 23 24 
#27: 13:10 14:15 0 1 2 3 4 5 6 7 8 9 10 11 12 13 14 15 16 17 18 19 20 21 22 23 24 
#28: 13:20 14:35 0 1 2 3 4 5 6 7 8 9 10 11 12 13 14 15 16 17 18 19 20 21 22 23 24 
#29: 13:40 14:30 0 1 2 3 4 5 6 7 8 9 10 11 12 13 14 
#30: 13:45 14:25 0 1 2 3 4 5 6 7 8 9 10 11 12 13 14 15 16 17 18 19 20 21 22 23 24 
#31: 13:55 15:35 0 1 2 3 4 5 6 7 8 9 
#32: 14:05 15:05 0 1 2 3 4 5 6 7 8 9 10 11 12 13 14 15 16 17 18 19 20 21 22 23 24 
#33: 14:10 15:55 0 1 2 3 4 5 6 7 8 9 10 11 12 13 14 15 16 17 18 19 20 21 22 23 24 
#34: 14:15 15:30 0 1 2 3 4 5 6 7 8 9 10 11 12 13 14 15 16 17 18 19 20 21 22 23 24 
#35: 14:20 15:35 0 1 2 3 4 5 6 7 8 9 10 11 12 13 14 
#36: 14:30 15:40 0 1 2 3 4 5 6 7 8 9 10 11 12 13 14 15 16 17 18 19 20 21 22 23 24 
#37: 14:40 15:50 0 1 2 3 4 5 6 7 8 9 10 11 12 13 14 
#38: 14:50 16:15 0 1 2 3 4 5 6 7 8 9 
#39: 15:05 16:40 0 1 2 3 4 5 6 7 8 9 10 11 12 13 14 15 16 17 18 19 20 21 22 23 24 
#40: 15:40 17:00 0 1 2 3 4 5 6 7 8 9 10 11 12 13 14 15 16 17 18 19 20 21 22 23 24 
#41: 15:45 16:45 0 1 2 3 4 5 6 7 8 9 10 11 12 13 14 
#42: 15:50 16:50 0 1 2 3 4 5 6 7 8 9 10 11 12 13 14 
#43: 15:55 16:55 0 1 2 3 4 5 6 7 8 9 10 11 12 13 14 15 16 17 18 19 20 21 22 23 24 
#44: 16:10 17:30 0 1 2 3 4 5 6 7 8 9 
#45: 16:15 17:25 0 1 2 3 4 5 6 7 8 9 10 11 12 13 14 15 16 17 18 19 20 21 22 23 24 
#46: 16:30 17:30 0 1 2 3 4 5 6 7 8 9 10 11 12 13 14 
#47: 16:35 17:50 0 1 2 3 4 5 6 7 8 9 10 11 12 13 14 15 16 17 18 19 20 21 22 23 24 
#48: 16:50 18:05 0 1 2 3 4 5 6 7 8 9 10 11 12 13 14 15 16 17 18 19 20 21 22 23 24 
#49: 16:55 17:55 0 1 2 3 4 5 6 7 8 9 10 11 12 13 14 
#50: 17:05 18:20 0 1 2 3 4 5 6 7 8 9 10 11 12 13 14 
#51: 17:15 18:15 0 1 2 3 4 5 6 7 8 9 
#52: 17:20 18:35 0 1 2 3 4 5 6 7 8 9 10 11 12 13 14 15 16 17 18 19 20 21 22 23 24 
#53: 17:35 19:15 0 1 2 3 4 5 6 7 8 9 10 11 12 13 14 15 16 17 18 19 20 21 22 23 24 
#54: 17:55 18:55 0 1 2 3 4 5 6 7 8 9 10 11 12 13 14 
#55: 18:15 19:25 0 1 2 3 4 5 6 7 8 9 10 11 12 13 14 15 16 17 18 19 20 21 22 23 24 
#56: 18:35 19:25 0 1 2 3 4 5 6 7 8 9 10 11 12 13 14 
#57: 18:45 19:55 0 1 2 3 4 5 6 7 8 9 10 11 12 13 14 15 16 17 18 19 20 21 22 23 24 
#58: 19:05 20:45 0 1 2 3 4 5 6 7 8 9 
#59: 19:25 20:55 0 1 2 3 4 5 6 7 8 9 10 11 12 13 14 15 16 17 18 19 20 21 22 23 24 
