Gates 30
Flights 65
#00: 08:20 09:45 0 1 2 3 4 5 6 7 8 9 10 11 12 13 14 
#01: 08:25 10:30 0 1 2 3 4 5 6 7 8 9 
#02: 08:35 09:55 0 1 2 3 4 5 6 7 8 9 10 11 12 13 14 15 16 17 18 19 20 21 22 23 24 25 26 27 28 29 
#03: 08:35 09:45 0 1 2 3 4 5 6 7 8 9 
#04: 08:40 09:45 0 1 2 3 4 5 6 7 8 9 10 11 12 13 14 15 16 17 18 19 20 21 22 23 24 
#05: 08:45 10:05 0 1 2 3 4 5 6 7 8 9 10 11 12 13 14 15 16 17 18 19 
#06: 08:55 10:15 0 1 2 3 4 5 6 7 8 9 
#07: 09:05 10:25 0 1 2 3 4 5 6 7 8 9 10 11 12 13 14 20 21 22 23 24 
#08: 09:05 10:40 0 1 2 3 4 5 6 7 8 9 10 11 12 13 14 
#09: 09:10 10:05 0 1 2 3 4 5 6 7 8 9 
#10: 09:25 10:30 0 1 2 3 4 5 6 7 8 9 20 21 22 23 24 
#11: 09:30 11:15 0 1 2 3 4 5 6 7 8 9 10 11 12 13 14 15 16 17 18 19 25 26 27 28 29 
#12: 09:30 10:55 0 1 2 3 4 5 6 7 8 9 10 11 12 13 14 15 16 17 18 19 20 21 22 23 24 
#13: 09:35 10:50 0 1 2 3 4 5 6 7 8 9 10 11 12 13 14 
#14: 09:40 11:00 0 1 2 3 4 5 6 7 8 9 10 11 12 13 14 15 16 17 18 19 20 21 22 23 24 
#15: 09:45 11:10 0 1 2 3 4 5 6 7 8 9 10 11 12 13 14 15 16 17 18 19 20 21 22 23 24 
#16: 09:50 11:35 0 1 2 3 4 5 6 7 8 9 10 11 12 13 14 
#17: 09:55 10:55 0 1 2 3 4 5 6 7 8 9 10 11 12 13 14 15 16 17 18 19 20 21 22 23 24 25 26 27 28 29 
#18: 09:55 11:35 0 1 2 3 4 5 6 7 8 9 20 21 22 23 24 
#19: 10:10 11:20 0 1 2 3 4 5 6 7 8 9 10 11 12 13 14 
#20: 10:15 11:40 0 1 2 3 4 5 6 7 8 9 10 11 12 13 14 15 16 17 18 19 20 21 22 23 24 
#21: 10:25 11:35 0 1 2 3 4 5 6 7 8 9 25 26 27 28 29 
#22: 10:25 12:10 0 1 2 3 4 5 6 7 8 9 10 11 12 13 14 15 16 17 18 19 20 21 22 23 24 
#23: 10:30 11:45 0 1 2 3 4 5 6 7 8 9 10 11 12 13 14 15 16 17 18 19 
#24: 10:35 12:00 0 1 2 3 4 5 6 7 8 9 10 11 12 13 14 15 16 17 18 19 25 26 27 28 29 
#25: 10:35 11:25 0 1 2 3 4 5 6 7 8 9 
#26: 10:40 11:55 0 1 2 3 4 5 6 7 8 9 10 11 12 13 14 15 16 17 18 19 25 26 27 28 29 
#27: 10:50 11:55 0 1 2 3 4 5 6 7 8 9 10 11 12 13 14 15 16 17 18 19 20 21 22 23 24 
#28: 10:50 12:55 0 1 2 3 4 5 6 7 8 9 10 11 12 13 14 15 16 17 18 19 20 21 22 23 24 
#29: 11:00 12:30 0 1 2 3 4 5 6 7 8 9 10 11 12 13 14 25 26 27 28 29 
#30: 11:05 12:00 0 1 2 3 4 5 6 7 8 9 10 11 12 13 14 15 16 17 18 19 20 21 22 23 24 
#31: 11:15 12:05 0 1 2 3 4 5 6 7 8 9 15 16 17 18 19 
#32: 11:15 12:45 0 1 2 3 4 5 6 7 8 9 10 11 12 13 14 15 16 17 18 19 20 21 22 23 24 
#33: 11:20 12:30 0 1 2 3 4 5 6 7 8 9 10 11 12 13 14 15 16 17 18 19 20 21 22 23 24 
#34: 11:25 12:35 0 1 2 3 4 5 6 7 8 9 10 11 12 13 14 15 16 17 18 19 20 21 22 23 24 
#35: 11:30 12:55 0 1 2 3 4 5 6 7 8 9 10 11 12 13 14 25 26 27 28 29 
#36: 11:30 12:50 0 1 2 3 4 5 6 7 8 9 10 11 12 13 14 15 16 17 18 19 20 21 22 23 24 
#37: 11:40 13:10 0 1 2 3 4 5 6 7 8 9 10 11 12 13 14 
#38: 11:45 13:00 0 1 2 3 4 5 6 7 8 9 
#39: 11:45 12:50 0 1 2 3 4 5 6 7 8 9 10 11 12 13 14 15 16 17 18 19 20 21 22 23 24 
#40: 11:55 13:20 0 1 2 3 4 5 6 7 8 9 10 11 12 13 14 15 16 17 18 19 20 21 22 23 24 25 26 27 28 29 
#41: 11:55 13:05 0 1 2 3 4 5 6 7 8 9 10 11 12 13 14 
#42: 12:05 13:00 0 1 2 3 4 5 6 7 8 9 10 11 12 13 14 
#43: 12:15 13:55 0 1 2 3 4 5 6 7 8 9 25 26 27 28 29 
#44: 12:15 13:30 0 1 2 3 4 5 6 7 8 9 
#45: 12:20 13:40 0 1 2 3 4 5 6 7 8 9 10 11 12 13 14 15 16 17 18 19 20 21 22 23 24 
#46: 12:30 13:30 0 1 2 3 4 5 6 7 8 9 10 11 12 13 14 
#47: 13:40 14:10 0 1 2 3 4 5 6 7 8 9 10 11 12 13 14 15 16 17 18 19 20 21 22 23 24 
#48: 13:45 14:35 0 1 2 3 4 5 6 7 8 9 10 11 12 13 14 15 16 17 18 19 20 21 22 23 24 
#49: 13:45 15:25 0 1 2 3 4 5 6 7 8 9 10 11 12 13 14 
#50: 13:50 14:55 0 1 2 3 4 5 6 7 8 9 10 11 12 13 14 
#51: 13:55 15:45 0 1 2 3 4 5 6 7 8 9 
#52: 14:00 14:50 0 1 2 3 4 5 6 7 8 9 25 26 27 28 29 
#53: 14:15 15:30 0 1 2 3 4 5 6 7 8 9 10 11 12 13 14 15 16 17 18 19 20 21 22 23 24 
#54: 14:20 15:45 0 1 2 3 4 5 6 7 8 9 25 26 27 28 29 
#55: 14:30 15:55 0 1 2 3 4 5 6 7 8 9 10 11 12 13 14 15 16 17 18 19 20 21 22 23 24 
#56: 14:30 15:35 0 1 2 3 4 5 6 7 8 9 10 11 12 13 14 
#57: 14:35 15:45 0 1 2 3 4 5 6 7 8 9 10 11 12 13 14 15 16 17 18 19 20 21 22 23 24 
#58: 14:40 15:35 0 1 2 3 4 5 6 7 8 9 
#59: 14:50 16:00 0 1 2 3 4 5 6 7 8 9 10 11 12 13 14 15 16 17 18 19 20 21 22 23 24 25 26 27 28 29 
#60: 14:50 15:55 0 1 2 3 4 5 6 7 8 9 10 11 12 13 14 15 16 17 18 19 20 21 22 23 24 
#61: 14:55 16:25 0 1 2 3 4 5 6 7 8 9 10 11 12 13 14 
#62: 15:10 16:25 0 1 2 3 4 5 6 7 8 9 10 11 12 13 14 15 16 17 18 19 20 21 22 23 24 
#63: 15:15 16:45 0 1 2 3 4 5 6 7 8 9 
#64: 15:20 16:30 0 1 2 3 4 5 6 7 8 9 10 11 12 13 14 15 16 17 18 19 20 21 22 23 24 25 26 27 28 29 
