Gates 9
Flights 44
#00: 08:20 10:45 0 1 2 3 4 5 6 7 
#01: 08:55 11:35 0 1 2 4 5 6 7 8 
#02: 08:55 10:05 1 2 4 5 6 7 8 
#03: 09:25 10:30 1 2 4 5 6 7 8 
#04: 09:35 10:35 1 2 4 5 6 7 8 
#05: 09:40 10:55 1 2 4 5 6 7 8 
#06: 09:50 11:05 0 1 2 3 4 5 6 7 
#07: 10:00 11:35 1 2 4 5 6 7 8 
#08: 10:15 11:25 1 2 4 5 6 7 8 
#09: 10:50 12:05 1 2 4 5 6 7 8 
#10: 10:50 12:40 1 2 4 5 6 7 8 
#11: 10:55 12:30 3 
#12: 11:00 11:45 0 1 2 3 4 5 6 7 
#13: 11:15 12:20 1 2 4 5 6 7 8 
#14: 11:20 12:25 1 2 4 5 6 7 8 
#15: 11:25 13:00 0 1 2 3 4 5 6 7 
#16: 11:45 13:00 0 1 2 4 5 6 7 8 
#17: 11:45 12:55 1 2 4 5 6 7 8 
#18: 11:50 13:00 1 2 4 5 6 7 8 
#19: 12:25 13:35 1 2 4 5 6 7 8 
#20: 12:30 14:10 0 1 2 3 4 5 6 7 
#21: 12:50 13:40 0 1 2 4 5 6 7 8 
#22: 12:50 13:55 0 1 2 4 5 6 7 8 
#23: 12:55 13:55 0 1 2 4 5 6 7 8 
#24: 12:55 14:35 0 1 2 4 5 6 7 8 
#25: 13:00 14:05 1 2 4 5 6 7 8 
#26: 13:15 14:25 0 1 2 4 5 6 7 8 
#27: 13:20 15:55 0 1 2 4 5 6 7 8 
#28: 13:45 14:25 1 2 4 5 6 7 8 
#29: 14:00 15:10 1 2 4 5 6 7 8 
#30: 14:05 15:05 2 3 4 5 6 7 8 
#31: 14:10 15:20 2 3 4 5 6 7 8 
#32: 14:40 17:55 1 2 4 5 6 7 8 
#33: 14:40 15:50 0 1 2 4 5 6 7 8 
#34: 14:50 16:20 1 2 4 5 6 7 8 
#35: 14:50 16:05 1 2 4 5 6 7 8 
#36: 15:15 16:30 3 
#37: 15:40 16:40 0 1 2 4 5 6 7 8 
#38: 15:50 16:50 1 2 4 5 6 7 8 
#39: 16:05 17:10 0 1 2 3 4 5 6 7 
#40: 16:10 17:15 1 2 4 5 6 7 8 
#41: 16:15 17:35 0 1 2 4 5 6 7 8 
#42: 16:25 17:35 0 1 2 4 5 6 7 8 
#43: 16:25 17:30 0 1 2 4 5 6 7 8 
