Gates 9
Flights 45
#00: 08:55 10:05 1 2 4 5 6 7 8 
#01: 08:55 11:35 0 1 2 4 5 6 7 8 
#02: 09:35 10:35 1 2 4 5 6 7 8 
#03: 09:40 10:40 0 1 2 3 4 5 6 7 
#04: 09:45 10:50 0 1 2 4 5 6 7 8 
#05: 09:50 10:55 1 2 4 5 6 7 8 
#06: 09:55 10:55 1 2 4 5 6 7 8 
#07: 10:00 10:55 2 3 4 5 6 7 8 
#08: 10:30 12:25 0 1 2 4 5 6 7 8 
#09: 10:50 12:05 1 2 4 5 6 7 8 
#10: 10:55 12:30 3 
#11: 11:00 11:45 0 1 2 3 4 5 6 7 
#12: 11:10 12:35 0 1 2 4 5 6 7 8 
#13: 11:20 12:25 1 2 4 5 6 7 8 
#14: 11:25 13:05 1 2 4 5 6 7 8 
#15: 11:35 12:50 0 1 2 4 5 6 7 8 
#16: 11:45 13:00 0 1 2 4 5 6 7 8 
#17: 12:20 13:25 0 1 2 4 5 6 7 8 
#18: 12:25 13:35 1 2 4 5 6 7 8 
#19: 12:30 14:10 0 1 2 3 4 5 6 7 
#20: 12:35 13:10 0 1 2 4 5 6 7 8 
#21: 12:50 13:50 1 2 4 5 6 7 8 
#22: 12:55 13:55 0 1 2 4 5 6 7 8 
#23: 12:55 14:35 0 1 2 4 5 6 7 8 
#24: 13:00 14:05 1 2 4 5 6 7 8 
#25: 13:10 14:15 0 1 2 4 5 6 7 8 
#26: 13:15 14:25 0 1 2 4 5 6 7 8 
#27: 13:40 14:30 1 2 4 5 6 7 8 
#28: 13:45 14:25 1 2 4 5 6 7 8 
#29: 14:05 15:05 2 3 4 5 6 7 8 
#30: 14:10 15:55 1 2 4 5 6 7 8 
#31: 14:20 15:25 1 2 4 5 6 7 8 
#32: 14:25 16:00 3 
#33: 14:40 16:05 1 2 4 5 6 7 8 
#34: 14:40 17:55 1 2 4 5 6 7 8 
#35: 14:40 15:50 0 1 2 4 5 6 7 8 
#36: 14:45 16:05 0 1 2 4 5 6 7 8 
#37: 15:00 16:30 1 2 4 5 6 7 8 
#38: 15:30 16:45 1 2 4 5 6 7 8 
#39: 15:50 16:50 1 2 4 5 6 7 8 
#40: 16:00 17:05 0 1 2 4 5 6 7 8 
#41: 16:05 17:10 0 1 2 3 4 5 6 7 
#42: 16:15 17:35 0 1 2 4 5 6 7 8 
#43: 16:20 17:35 3 
#44: 16:25 17:35 0 1 2 4 5 6 7 8 
